#iter energy            energy_diff  abs_dens     rel_dens     abs_ev       rel_ev      
    1   -2.25731253E+01  2.25731E+01  9.00188E-01  1.12524E-01  4.64300E-01  1.00178E-01
    2   -2.21123886E+01  4.60737E-01  1.89596E-01  2.36995E-02  2.77896E-01  6.37836E-02
    3   -2.14273103E+01  6.85078E-01  3.42583E-01  4.28229E-02  2.78617E-01  6.83181E-02
    4   -2.16082051E+01  1.80895E-01  7.44937E-02  9.31172E-03  1.00983E-01  2.41632E-02
    5   -2.16643243E+01  5.61193E-02  2.41356E-02  3.01695E-03  5.33835E-02  1.26125E-02
    6   -2.17035831E+01  3.92588E-02  2.20713E-02  2.75892E-03  3.64665E-02  8.54203E-03
    7   -2.16494303E+01  5.41528E-02  2.21054E-02  2.76318E-03  2.43244E-02  5.73047E-03
    8   -2.16597834E+01  1.03530E-02  7.36736E-03  9.20921E-04  1.46005E-03  3.43847E-04
    9   -2.16510381E+01  8.74530E-03  5.44831E-03  6.81039E-04  1.62922E-03  3.83836E-04
   10   -2.16607016E+01  9.66350E-03  4.09485E-03  5.11857E-04  3.75274E-03  8.83346E-04
   11   -2.16609563E+01  2.54788E-04  1.48877E-03  1.86097E-04  1.55064E-04  3.64986E-05
   12   -2.16605188E+01  4.37549E-04  8.67994E-04  1.08499E-04  6.95187E-04  1.63659E-04
   13   -2.16580485E+01  2.47027E-03  1.24680E-03  1.55850E-04  6.50872E-04  1.53250E-04
   14   -2.16590378E+01  9.89258E-04  6.43735E-04  8.04668E-05  1.06138E-04  2.49898E-05
   15   -2.16586511E+01  3.86696E-04  2.95768E-04  3.69710E-05  3.80723E-06  8.96401E-07
   16   -2.16590924E+01  4.41330E-04  3.17894E-04  3.97367E-05  3.05999E-05  7.20460E-06
   17   -2.16589442E+01  1.48199E-04  1.32846E-04  1.66057E-05  3.48365E-06  8.20209E-07
   18   -2.16590651E+01  1.20903E-04  9.84258E-05  1.23032E-05  5.11518E-06  1.20434E-06
   19   -2.16588418E+01  2.23335E-04  1.39491E-04  1.74364E-05  5.18905E-05  1.22175E-05
   20   -2.16588895E+01  4.77104E-05  4.54217E-05  5.67772E-06  1.40683E-05  3.31234E-06
   21   -2.16587341E+01  1.55355E-04  7.37225E-05  9.21531E-06  9.69052E-05  2.28165E-05
   22   -2.16587741E+01  3.99373E-05  5.02450E-05  6.28062E-06  1.63207E-05  3.84277E-06
   23   -2.16586231E+01  1.51027E-04  6.04765E-05  7.55957E-06  9.09662E-05  2.14187E-05
   24   -2.16586737E+01  5.06125E-05  3.07138E-05  3.83922E-06  1.11301E-05  2.62067E-06
   25   -2.16586613E+01  1.23272E-05  1.06788E-05  1.33485E-06  8.71574E-08  2.05219E-08
   26   -2.16586833E+01  2.19732E-05  1.39904E-05  1.74880E-06  4.37223E-06  1.02947E-06
   27   -2.16586791E+01  4.21370E-06  4.11148E-06  5.13935E-07  5.90124E-07  1.38949E-07
   28   -2.16586840E+01  4.91457E-06  5.24531E-06  6.55663E-07  1.12646E-06  2.65234E-07
   29   -2.16586746E+01  9.40518E-06  5.64608E-06  7.05760E-07  2.46054E-06  5.79354E-07
   30   -2.16586796E+01  5.02002E-06  3.59563E-06  4.49453E-07  5.68805E-07  1.33930E-07
   31   -2.16586766E+01  3.07015E-06  2.36543E-06  2.95679E-07  9.89174E-08  2.32909E-08
   32   -2.16586794E+01  2.88221E-06  2.03605E-06  2.54506E-07  3.14169E-07  7.39735E-08
   33   -2.16586806E+01  1.16119E-06  3.71587E-07  4.64484E-08  5.75919E-07  1.35604E-07
   34   -2.16586810E+01  3.67182E-07  4.90514E-07  6.13142E-08  4.98291E-07  1.17326E-07
   35   -2.16586833E+01  2.34910E-06  1.06144E-06  1.32680E-07  9.59147E-07  2.25838E-07
   36   -2.16586816E+01  1.69746E-06  7.82022E-07  9.77528E-08  6.82091E-07  1.60603E-07
   37   -2.16586799E+01  1.71824E-06  7.17731E-07  8.97163E-08  7.40911E-07  1.74453E-07
   38   -2.16586797E+01  1.67309E-07  1.38303E-07  1.72878E-08  5.68585E-08  1.33878E-08
   39   -2.16586797E+01  2.85727E-08  7.74950E-08  9.68688E-09  1.79727E-09  4.23181E-10
   40   -2.16586797E+01  7.11051E-09  4.20320E-08  5.25400E-09  3.31236E-08  7.79920E-09
   41   -2.16586797E+01  2.84208E-08  2.93495E-08  3.66869E-09  1.90947E-08  4.49599E-09
   42   -2.16586797E+01  1.23648E-08  1.93242E-08  2.41552E-09  1.81394E-10  4.27107E-11
   43   -2.16586797E+01  1.14942E-08  1.00101E-08  1.25127E-09  2.25258E-09  5.30387E-10
   44   -2.16586797E+01  1.29785E-09  7.93600E-09  9.92000E-10  1.61513E-09  3.80295E-10
   45   -2.16586797E+01  5.80755E-09  5.78714E-09  7.23393E-10  9.25892E-10  2.18008E-10
   46   -2.16586797E+01  4.71750E-09  3.89788E-09  4.87235E-10  5.06875E-10  1.19348E-10
   47   -2.16586797E+01  7.40719E-10  8.82420E-10  1.10303E-10  1.02741E-10  2.41911E-11
   48   -2.16586797E+01  6.01982E-10  6.41631E-10  8.02038E-11  1.34390E-11  3.16432E-12
   49   -2.16586797E+01  2.29086E-10  2.39812E-14  2.99765E-15  2.29187E-10  5.39639E-11
