# energy [H], total DOS
   -1.229404    0.093347
   -1.227304    0.095432
   -1.225204    0.097592
   -1.223105    0.099832
   -1.221005    0.102156
   -1.218905    0.104567
   -1.216805    0.107072
   -1.214705    0.109673
   -1.212606    0.112377
   -1.210506    0.115189
   -1.208406    0.118115
   -1.206306    0.121161
   -1.204207    0.124334
   -1.202107    0.127642
   -1.200007    0.131091
   -1.197907    0.134691
   -1.195808    0.138450
   -1.193708    0.142378
   -1.191608    0.146486
   -1.189508    0.150783
   -1.187409    0.155284
   -1.185309    0.160000
   -1.183209    0.164945
   -1.181109    0.170136
   -1.179009    0.175588
   -1.176910    0.181319
   -1.174810    0.187350
   -1.172710    0.193700
   -1.170610    0.200395
   -1.168511    0.207458
   -1.166411    0.214918
   -1.164311    0.222805
   -1.162211    0.231152
   -1.160112    0.239997
   -1.158012    0.249379
   -1.155912    0.259343
   -1.153812    0.269939
   -1.151712    0.281221
   -1.149613    0.293250
   -1.147513    0.306093
   -1.145413    0.319826
   -1.143313    0.334533
   -1.141214    0.350308
   -1.139114    0.367257
   -1.137014    0.385501
   -1.134914    0.405174
   -1.132815    0.426429
   -1.130715    0.449440
   -1.128615    0.474406
   -1.126515    0.501556
   -1.124415    0.531149
   -1.122316    0.563488
   -1.120216    0.598922
   -1.118116    0.637858
   -1.116016    0.680771
   -1.113917    0.728218
   -1.111817    0.780858
   -1.109717    0.839474
   -1.107617    0.904997
   -1.105518    0.978550
   -1.103418    1.061488
   -1.101318    1.155462
   -1.099218    1.262500
   -1.097118    1.385110
   -1.095019    1.526422
   -1.092919    1.690383
   -1.090819    1.882014
   -1.088719    2.107783
   -1.086620    2.376111
   -1.084520    2.698108
   -1.082420    3.088631
   -1.080320    3.567839
   -1.078221    4.163495
   -1.076121    4.914438
   -1.074021    5.875800
   -1.071921    7.126842
   -1.069822    8.782287
   -1.067722   11.007146
   -1.065622   14.030197
   -1.063522   18.133800
   -1.061422   23.547522
   -1.059323   30.080879
   -1.057223   36.393209
   -1.055123   39.728379
   -1.053023   37.987846
   -1.050924   32.323672
   -1.048824   25.635801
   -1.046724   19.788639
   -1.044624   15.264524
   -1.042525   11.914024
   -1.040425    9.452022
   -1.038325    7.628241
   -1.036225    6.257487
   -1.034125    5.210040
   -1.032026    4.396273
   -1.029926    3.754036
   -1.027826    3.239749
   -1.025726    2.822413
   -1.023627    2.479639
   -1.021527    2.195005
   -1.019427    1.956292
   -1.017327    1.754276
   -1.015228    1.581904
   -1.013128    1.433720
   -1.011028    1.305452
   -1.008928    1.193722
   -1.006828    1.095833
   -1.004729    1.009610
   -1.002629    0.933287
   -1.000529    0.865417
   -0.998429    0.804807
   -0.996330    0.750465
   -0.994230    0.701562
   -0.992130    0.657401
   -0.990030    0.617394
   -0.987931    0.581039
   -0.985831    0.547909
   -0.983731    0.517636
   -0.981631    0.489903
   -0.979531    0.464438
   -0.977432    0.441000
   -0.975332    0.419383
   -0.973232    0.399405
   -0.971132    0.380905
   -0.969033    0.363744
   -0.966933    0.347796
   -0.964833    0.332951
   -0.962733    0.319112
   -0.960634    0.306190
   -0.958534    0.294108
   -0.956434    0.282795
   -0.954334    0.272189
   -0.952235    0.262233
   -0.950135    0.252877
   -0.948035    0.244073
   -0.945935    0.235781
   -0.943835    0.227962
   -0.941736    0.220583
   -0.939636    0.213611
   -0.937536    0.207018
   -0.935436    0.200779
   -0.933337    0.194868
   -0.931237    0.189265
   -0.929137    0.183949
   -0.927037    0.178902
   -0.924938    0.174107
   -0.922838    0.169548
   -0.920738    0.165210
   -0.918638    0.161081
   -0.916538    0.157147
   -0.914439    0.153399
   -0.912339    0.149824
   -0.910239    0.146413
   -0.908139    0.143158
   -0.906040    0.140049
   -0.903940    0.137078
   -0.901840    0.134239
   -0.899740    0.131524
   -0.897641    0.128927
   -0.895541    0.126442
   -0.893441    0.124063
   -0.891341    0.121785
   -0.889241    0.119604
   -0.887142    0.117514
   -0.885042    0.115511
   -0.882942    0.113592
   -0.880842    0.111752
   -0.878743    0.109987
   -0.876643    0.108295
   -0.874543    0.106672
   -0.872443    0.105116
   -0.870344    0.103623
   -0.868244    0.102190
   -0.866144    0.100816
   -0.864044    0.099498
   -0.861945    0.098234
   -0.859845    0.097021
   -0.857745    0.095857
   -0.855645    0.094741
   -0.853545    0.093671
   -0.851446    0.092646
   -0.849346    0.091662
   -0.847246    0.090720
   -0.845146    0.089818
   -0.843047    0.088954
   -0.840947    0.088126
   -0.838847    0.087335
   -0.836747    0.086578
   -0.834648    0.085854
   -0.832548    0.085163
   -0.830448    0.084504
   -0.828348    0.083875
   -0.826248    0.083275
   -0.824149    0.082704
   -0.822049    0.082161
   -0.819949    0.081646
   -0.817849    0.081156
   -0.815750    0.080693
   -0.813650    0.080254
   -0.811550    0.079840
   -0.809450    0.079450
   -0.807351    0.079084
   -0.805251    0.078740
   -0.803151    0.078418
   -0.801051    0.078118
   -0.798951    0.077840
   -0.796852    0.077582
   -0.794752    0.077345
   -0.792652    0.077128
   -0.790552    0.076931
   -0.788453    0.076753
   -0.786353    0.076595
   -0.784253    0.076455
   -0.782153    0.076334
   -0.780054    0.076231
   -0.777954    0.076146
   -0.775854    0.076080
   -0.773754    0.076030
   -0.771654    0.075998
   -0.769555    0.075984
   -0.767455    0.075986
   -0.765355    0.076005
   -0.763255    0.076041
   -0.761156    0.076094
   -0.759056    0.076164
   -0.756956    0.076249
   -0.754856    0.076352
   -0.752757    0.076470
   -0.750657    0.076605
   -0.748557    0.076756
   -0.746457    0.076923
   -0.744358    0.077106
   -0.742258    0.077305
   -0.740158    0.077521
   -0.738058    0.077752
   -0.735958    0.078000
   -0.733859    0.078264
   -0.731759    0.078544
   -0.729659    0.078841
   -0.727559    0.079154
   -0.725460    0.079483
   -0.723360    0.079830
   -0.721260    0.080192
   -0.719160    0.080572
   -0.717061    0.080968
   -0.714961    0.081382
   -0.712861    0.081813
   -0.710761    0.082261
   -0.708661    0.082727
   -0.706562    0.083210
   -0.704462    0.083712
   -0.702362    0.084231
   -0.700262    0.084769
   -0.698163    0.085326
   -0.696063    0.085902
   -0.693963    0.086497
   -0.691863    0.087111
   -0.689764    0.087745
   -0.687664    0.088400
   -0.685564    0.089074
   -0.683464    0.089770
   -0.681364    0.090486
   -0.679265    0.091224
   -0.677165    0.091984
   -0.675065    0.092767
   -0.672965    0.093572
   -0.670866    0.094400
   -0.668766    0.095252
   -0.666666    0.096128
   -0.664566    0.097029
   -0.662467    0.097955
   -0.660367    0.098907
   -0.658267    0.099885
   -0.656167    0.100890
   -0.654067    0.101923
   -0.651968    0.102984
   -0.649868    0.104074
   -0.647768    0.105193
   -0.645668    0.106343
   -0.643569    0.107524
   -0.641469    0.108737
   -0.639369    0.109983
   -0.637269    0.111262
   -0.635170    0.112576
   -0.633070    0.113925
   -0.630970    0.115311
   -0.628870    0.116734
   -0.626771    0.118196
   -0.624671    0.119697
   -0.622571    0.121240
   -0.620471    0.122824
   -0.618371    0.124451
   -0.616272    0.126123
   -0.614172    0.127841
   -0.612072    0.129606
   -0.609972    0.131420
   -0.607873    0.133285
   -0.605773    0.135201
   -0.603673    0.137171
   -0.601573    0.139196
   -0.599474    0.141278
   -0.597374    0.143420
   -0.595274    0.145622
   -0.593174    0.147888
   -0.591074    0.150220
   -0.588975    0.152619
   -0.586875    0.155087
   -0.584775    0.157629
   -0.582675    0.160246
   -0.580576    0.162940
   -0.578476    0.165716
   -0.576376    0.168575
   -0.574276    0.171522
   -0.572177    0.174558
   -0.570077    0.177689
   -0.567977    0.180916
   -0.565877    0.184246
   -0.563777    0.187680
   -0.561678    0.191224
   -0.559578    0.194882
   -0.557478    0.198659
   -0.555378    0.202560
   -0.553279    0.206590
   -0.551179    0.210754
   -0.549079    0.215058
   -0.546979    0.219509
   -0.544880    0.224113
   -0.542780    0.228876
   -0.540680    0.233806
   -0.538580    0.238911
   -0.536481    0.244199
   -0.534381    0.249678
   -0.532281    0.255357
   -0.530181    0.261246
   -0.528081    0.267355
   -0.525982    0.273696
   -0.523882    0.280279
   -0.521782    0.287117
   -0.519682    0.294223
   -0.517583    0.301611
   -0.515483    0.309295
   -0.513383    0.317293
   -0.511283    0.325620
   -0.509184    0.334294
   -0.507084    0.343335
   -0.504984    0.352765
   -0.502884    0.362604
   -0.500784    0.372876
   -0.498685    0.383608
   -0.496585    0.394827
   -0.494485    0.406562
   -0.492385    0.418845
   -0.490286    0.431711
   -0.488186    0.445197
   -0.486086    0.459342
   -0.483986    0.474191
   -0.481887    0.489790
   -0.479787    0.506190
   -0.477687    0.523447
   -0.475587    0.541620
   -0.473487    0.560777
   -0.471388    0.580988
   -0.469288    0.602332
   -0.467188    0.624895
   -0.465088    0.648770
   -0.462989    0.674062
   -0.460889    0.700883
   -0.458789    0.729359
   -0.456689    0.759628
   -0.454590    0.791843
   -0.452490    0.826175
   -0.450390    0.862811
   -0.448290    0.901962
   -0.446190    0.943862
   -0.444091    0.988774
   -0.441991    1.036991
   -0.439891    1.088846
   -0.437791    1.144711
   -0.435692    1.205008
   -0.433592    1.270218
   -0.431492    1.340886
   -0.429392    1.417636
   -0.427293    1.501182
   -0.425193    1.592346
   -0.423093    1.692079
   -0.420993    1.801481
   -0.418894    1.921838
   -0.416794    2.054651
   -0.414694    2.201689
   -0.412594    2.365042
   -0.410494    2.547196
   -0.408395    2.751126
   -0.406295    2.980411
   -0.404195    3.239394
   -0.402095    3.533374
   -0.399996    3.868872
   -0.397896    4.253983
   -0.395796    4.698840
   -0.393696    5.216259
   -0.391597    5.822610
   -0.389497    6.539051
   -0.387397    7.393250
   -0.385297    8.421873
   -0.383197    9.674183
   -0.381098   11.217350
   -0.378998   13.144372
   -0.376898   15.585992
   -0.374798   18.728664
   -0.372699   22.841278
   -0.370599   28.313007
   -0.368499   35.699440
   -0.366399   45.751425
   -0.364300   59.324312
   -0.362200   76.866326
   -0.360100   96.930238
   -0.358000  113.922481
   -0.355900  119.143236
   -0.353801  109.137018
   -0.351701   90.199965
   -0.349601   70.600291
   -0.347501   54.359658
   -0.345402   42.049353
   -0.343302   32.980640
   -0.341202   26.306445
   -0.339102   21.340449
   -0.337003   17.587628
   -0.334903   14.703824
   -0.332803   12.451263
   -0.330703   10.664549
   -0.328603    9.227173
   -0.326504    8.055842
   -0.324404    7.090084
   -0.322304    6.285330
   -0.320204    5.608248
   -0.318105    5.033575
   -0.316005    4.541912
   -0.313905    4.118191
   -0.311805    3.750575
   -0.309706    3.429672
   -0.307606    3.147956
   -0.305506    2.899349
   -0.303406    2.678896
   -0.301307    2.482528
   -0.299207    2.306883
   -0.297107    2.149160
   -0.295007    2.007015
   -0.292907    1.878473
   -0.290808    1.761858
   -0.288708    1.655747
   -0.286608    1.558920
   -0.284508    1.470328
   -0.282409    1.389068
   -0.280309    1.314353
   -0.278209    1.245503
   -0.276109    1.181921
   -0.274010    1.123084
   -0.271910    1.068532
   -0.269810    1.017861
   -0.267710    0.970712
   -0.265610    0.926767
   -0.263511    0.885742
   -0.261411    0.847384
   -0.259311    0.811469
   -0.257211    0.777792
   -0.255112    0.746173
   -0.253012    0.716446
   -0.250912    0.688466
   -0.248812    0.662096
   -0.246713    0.637216
   -0.244613    0.613717
   -0.242513    0.591498
   -0.240413    0.570467
   -0.238313    0.550542
   -0.236214    0.531646
   -0.234114    0.513710
   -0.232014    0.496670
   -0.229914    0.480467
   -0.227815    0.465048
   -0.225715    0.450362
   -0.223615    0.436364
   -0.221515    0.423011
   -0.219416    0.410265
   -0.217316    0.398090
   -0.215216    0.386451
   -0.213116    0.375317
   -0.211017    0.364661
   -0.208917    0.354454
   -0.206817    0.344673
   -0.204717    0.335293
   -0.202617    0.326293
   -0.200518    0.317653
   -0.198418    0.309354
   -0.196318    0.301377
   -0.194218    0.293708
   -0.192119    0.286329
   -0.190019    0.279227
   -0.187919    0.272387
   -0.185819    0.265798
   -0.183720    0.259447
   -0.181620    0.253322
